143,52
143,51
143,50
143,49
143,48
143,47
143,46
143,45
143,44
143,43
143,42
143,41
143,40
143,39
143,38
143,37
143,36
143,35
54,4
55,1
55,4
3,2
3,1
3,3
10,144
10,306
10,208
10,162
10,96
10,10
10,228
10,154
11,6
11,24
11,12
11,27
9,6
9,4
8,15
8,7
8,13
141,3
141,2
141,1
141,0
140,4
140,3
140,2
140,1
140,0
139,4
139,3
139,2
139,1
139,0
138,4
138,3
138,2
138,1
138,0
73,3
73,2
73,1
70,3
70,1
56,3
56,1
54,3
54,1
53,3
53,1
12,3
12,2
12,1
11,28
11,25
11,22
11,19
11,18
11,17
11,16
11,15
11,14
11,13
11,9
11,7
11,5
20,2
11,3
20,1
11,2
20,3
11,1
10,298
10,267
10,264
19,2
19,1
10,219
19,3
10,189
10,173
10,159
10,139
10,114
10,102
10,100
10,73
10,69
10,22
10,20
10,4
10,3
10,2
10,1
9,7
9,5
